        0.0000000000        0.0000000000
        0.0050000000        0.0000030960
        0.0100000000        0.0000062259
        0.0150000000        0.0000094239
        0.0200000000        0.0000127259
        0.0250000000        0.0000161695
        0.0300000000        0.0000197953
        0.0350000000        0.0000236471
        0.0400000000        0.0000277736
        0.0450000000        0.0000322286
        0.0500000000        0.0000370729
        0.0550000000        0.0000423756
        0.0600000000        0.0000482152
        0.0650000000        0.0000546824
        0.0700000000        0.0000618818
        0.0750000000        0.0000699350
        0.0800000000        0.0000789838
        0.0850000000        0.0000891944
        0.0900000000        0.0001007625
        0.0950000000        0.0001139185
        0.1000000000        0.0001289356
        0.1050000000        0.0001461385
        0.1100000000        0.0001659136
        0.1150000000        0.0001887234
        0.1200000000        0.0002151222
        0.1250000000        0.0002457768
        0.1300000000        0.0002814919
        0.1350000000        0.0003232413
        0.1400000000        0.0003722076
        0.1450000000        0.0004298314
        0.1500000000        0.0004978732
        0.1550000000        0.0005784917
        0.1600000000        0.0006743433
        0.1650000000        0.0007887081
        0.1700000000        0.0009256517
        0.1750000000        0.0010902323
        0.1800000000        0.0012887695
        0.1850000000        0.0015291929
        0.1900000000        0.0018214982
        0.1950000000        0.0021783504
        0.2000000000        0.0026158852
        0.2050000000        0.0031547872
        0.2100000000        0.0038217547
        0.2150000000        0.0046515167
        0.2200000000        0.0056896464
        0.2250000000        0.0069965480
        0.2300000000        0.0086531945
        0.2350000000        0.0107695233
        0.2400000000        0.0134969160
        0.2450000000        0.0170469915
        0.2500000000        0.0217201046
        0.2550000000        0.0279482867
        0.2600000000        0.0363576781
        0.2650000000        0.0478500282
        0.2700000000        0.0636770196
        0.2750000000        0.0854034522
        0.2800000000        0.1145116504
        0.2850000000        0.1514015111
        0.2900000000        0.1942878644
        0.2950000000        0.2395309148
        0.3000000000        0.2836081207
        0.3050000000        0.3245652974
        0.3100000000        0.3619152033
        0.3150000000        0.3959288475
        0.3200000000        0.4271118865
        0.3250000000        0.4559665771
        0.3300000000        0.4829179978
        0.3350000000        0.5083078388
        0.3400000000        0.5324091636
        0.3450000000        0.5554440138
        0.3500000000        0.5775980083
        0.3550000000        0.5990306866
        0.3600000000        0.6198818343
        0.3650000000        0.6402743535
        0.3700000000        0.6603142017
        0.3750000000        0.6800878382
        0.3800000000        0.6996576456
        0.3850000000        0.7190560304
        0.3900000000        0.7382793791
        0.3950000000        0.7572836583
        0.4000000000        0.7759839222
        0.4050000000        0.7942598370
        0.4100000000        0.8119681453
        0.4150000000        0.8289607988
        0.4200000000        0.8451051492
        0.4250000000        0.8603013989
        0.4300000000        0.8744933291
        0.4350000000        0.8876707397
        0.4400000000        0.8998646945
        0.4450000000        0.9111383137
        0.4500000000        0.9215760915
        0.4550000000        0.9312739823
        0.4600000000        0.9403314557
        0.4650000000        0.9488458567
        0.4700000000        0.9569088826
        0.4750000000        0.9646047675
        0.4800000000        0.9720097368
        0.4850000000        0.9791923594
        0.4900000000        0.9862145141
        0.4950000000        0.9931327645
        0.5000000000        0.0000000000
        0.5050000000        0.0068672355
        0.5100000000        0.0137854859
        0.5150000000        0.0208076406
        0.5200000000        0.0279902632
        0.5250000000        0.0353952325
        0.5300000000        0.0430911174
        0.5350000000        0.0511541433
        0.5400000000        0.0596685443
        0.5450000000        0.0687260177
        0.5500000000        0.0784239085
        0.5550000000        0.0888616863
        0.5600000000        0.1001353055
        0.5650000000        0.1123292603
        0.5700000000        0.1255066709
        0.5750000000        0.1396986011
        0.5800000000        0.1548948508
        0.5850000000        0.1710392012
        0.5900000000        0.1880318547
        0.5950000000        0.2057401630
        0.6000000000        0.2240160778
        0.6050000000        0.2427163417
        0.6100000000        0.2617206209
        0.6150000000        0.2809439696
        0.6200000000        0.3003423544
        0.6250000000        0.3199121618
        0.6300000000        0.3396857983
        0.6350000000        0.3597256465
        0.6400000000        0.3801181657
        0.6450000000        0.4009693134
        0.6500000000        0.4224019917
        0.6550000000        0.4445559862
        0.6600000000        0.4675908364
        0.6650000000        0.4916921612
        0.6700000000        0.5170820022
        0.6750000000        0.5440334229
        0.6800000000        0.5728881135
        0.6850000000        0.6040711525
        0.6900000000        0.6380847967
        0.6950000000        0.6754347026
        0.7000000000        0.7163918793
        0.7050000000        0.7604690852
        0.7100000000        0.8057121356
        0.7150000000        0.8485984889
        0.7200000000        0.8854883496
        0.7250000000        0.9145965478
        0.7300000000        0.9363229804
        0.7350000000        0.9521499718
        0.7400000000        0.9636423219
        0.7450000000        0.9720517133
        0.7500000000        0.9782798954
        0.7550000000        0.9829530085
        0.7600000000        0.9865030840
        0.7650000000        0.9892304767
        0.7700000000        0.9913468055
        0.7750000000        0.9930034520
        0.7800000000        0.9943103536
        0.7850000000        0.9953484833
        0.7900000000        0.9961782453
        0.7950000000        0.9968452128
        0.8000000000        0.9973841148
        0.8050000000        0.9978216496
        0.8100000000        0.9981785018
        0.8150000000        0.9984708071
        0.8200000000        0.9987112305
        0.8250000000        0.9989097677
        0.8300000000        0.9990743483
        0.8350000000        0.9992112919
        0.8400000000        0.9993256567
        0.8450000000        0.9994215083
        0.8500000000        0.9995021268
        0.8550000000        0.9995701686
        0.8600000000        0.9996277924
        0.8650000000        0.9996767587
        0.8700000000        0.9997185081
        0.8750000000        0.9997542232
        0.8800000000        0.9997848778
        0.8850000000        0.9998112766
        0.8900000000        0.9998340864
        0.8950000000        0.9998538615
        0.9000000000        0.9998710644
        0.9050000000        0.9998860815
        0.9100000000        0.9998992375
        0.9150000000        0.9999108056
        0.9200000000        0.9999210162
        0.9250000000        0.9999300650
        0.9300000000        0.9999381182
        0.9350000000        0.9999453176
        0.9400000000        0.9999517848
        0.9450000000        0.9999576244
        0.9500000000        0.9999629271
        0.9550000000        0.9999677714
        0.9600000000        0.9999722264
        0.9650000000        0.9999763529
        0.9700000000        0.9999802047
        0.9750000000        0.9999838305
        0.9800000000        0.9999872741
        0.9850000000        0.9999905761
        0.9900000000        0.9999937741
        0.9950000000        0.9999969040
        1.0000000000        0.0000000000

