      0.00000000      0.00000096
      0.00200000      0.99878308
      0.00400000      0.99751327
      0.00600000      0.99616385
      0.00800000      0.99462662
      0.01000000      0.99281457
      0.01200000      0.99063830
      0.01400000      0.98799625
      0.01600000      0.98483496
      0.01800000      0.98135117
      0.02000000      0.97788387
      0.02200000      0.97465945
      0.02400000      0.97150263
      0.02600000      0.96815421
      0.02800000      0.96468719
      0.03000000      0.96142108
      0.03200000      0.95883629
      0.03400000      0.95719654
      0.03600000      0.95623769
      0.03800000      0.95570523
      0.04000000      0.95538636
      0.04200000      0.95541122
      0.04400000      0.95618146
      0.04600000      0.95773773
      0.04800000      0.95935807
      0.05000000      0.96082634
      0.05200000      0.96201330
      0.05400000      0.96304863
      0.05600000      0.96438984
      0.05800000      0.96609679
      0.06000000      0.96763620
      0.06200000      0.96904298
      0.06400000      0.97019145
      0.06600000      0.97125945
      0.06800000      0.97278858
      0.07000000      0.97486113
      0.07200000      0.97681972
      0.07400000      0.97863873
      0.07600000      0.98073899
      0.07800000      0.98325775
      0.08000000      0.98643069
      0.08200000      0.99072444
      0.08400000      0.99603031
      0.08600000      0.00102804
      0.08800000      0.00448908
      0.09000000      0.00656522
      0.09200000      0.00846414
      0.09400000      0.01104085
      0.09600000      0.01519794
      0.09800000      0.02156974
      0.10000000      0.02915262
      0.10200000      0.03657202
      0.10400000      0.04265198
      0.10600000      0.04756624
      0.10800000      0.05226823
      0.11000000      0.05624022
      0.11200000      0.05818249
      0.11400000      0.05937785
      0.11600000      0.06007008
      0.11800000      0.05878069
      0.12000000      0.05655511
      0.12200000      0.05729388
      0.12400000      0.05757275
      0.12600000      0.05767756
      0.12800000      0.05746833
      0.13000000      0.05617687
      0.13200000      0.05508249
      0.13400000      0.05501115
      0.13600000      0.05580035
      0.13800000      0.05630854
      0.14000000      0.05527823
      0.14200000      0.05415470
      0.14400000      0.05396697
      0.14600000      0.05477825
      0.14800000      0.05580237
      0.15000000      0.05515383
      0.15200000      0.05391178
      0.15400000      0.05311360
      0.15600000      0.05317231
      0.15800000      0.05336032
      0.16000000      0.05186922
      0.16200000      0.04966367
      0.16400000      0.04753159
      0.16600000      0.04572327
      0.16800000      0.04274051
      0.17000000      0.03527646
      0.17200000      0.01119732
      0.17400000      0.97781078
      0.17600000      0.00779830
      0.17800000      0.02449139
      0.18000000      0.03889160
      0.18200000      0.02805500
      0.18400000      0.99585681
      0.18600000      0.98064221
      0.18800000      0.97068875
      0.19000000      0.97000313
      0.19200000      0.96719985
      0.19400000      0.96691239
      0.19600000      0.96979538
      0.19800000      0.97062864
      0.20000000      0.97230862
      0.20200000      0.97414004
      0.20400000      0.97657596
      0.20600000      0.97954492
      0.20800000      0.98228926
      0.21000000      0.98573463
      0.21200000      0.99171980
      0.21400000      0.99820808
      0.21600000      0.00033416
      0.21800000      0.00015674
      0.22000000      0.00009340
      0.22200000      0.00019557
      0.22400000      0.99998480
      0.22600000      0.99919997
      0.22800000      0.99831284
      0.23000000      0.99793601
      0.23200000      0.99775765
      0.23400000      0.99731205
      0.23600000      0.99661078
      0.23800000      0.99656741
      0.24000000      0.99647120
      0.24200000      0.99592086
      0.24400000      0.99553671
      0.24600000      0.99533146
      0.24800000      0.99474317
      0.25000000      0.99380660
      0.25200000      0.99308105
      0.25400000      0.99230053
      0.25600000      0.99193505
      0.25800000      0.99215290
      0.26000000      0.99217445
      0.26200000      0.99164437
      0.26400000      0.99245198
      0.26600000      0.99356319
      0.26800000      0.99461774
      0.27000000      0.99598984
      0.27200000      0.99772833
      0.27400000      0.99966218
      0.27600000      0.00155780
      0.27800000      0.00360707
      0.28000000      0.00597527
      0.28200000      0.00830550
      0.28400000      0.00990577
      0.28600000      0.01058246
      0.28800000      0.01027294
      0.29000000      0.00687005
      0.29200000      0.00339898
      0.29400000      0.00637166
      0.29600000      0.01164920
      0.29800000      0.01350498
      0.30000000      0.01281863
      0.30200000      0.01090167
      0.30400000      0.00778923
      0.30600000      0.00621066
      0.30800000      0.00840075
      0.31000000      0.00996472
      0.31200000      0.00955405
      0.31400000      0.00625218
      0.31600000      0.00487532
      0.31800000      0.00586418
      0.32000000      0.00492681
      0.32200000      0.99250010
      0.32400000      0.95469333
      0.32600000      0.89933805
      0.32800000      0.81073393
      0.33000000      0.71924506
      0.33200000      0.64308816
      0.33400000      0.55324297
      0.33600000      0.44944940
      0.33800000      0.32949083
      0.34000000      0.22955246
      0.34200000      0.13370912
      0.34400000      0.04820801
      0.34600000      0.02205241
      0.34800000      0.01661924
      0.35000000      0.01407006
      0.35200000      0.01254063
      0.35400000      0.01136135
      0.35600000      0.01007746
      0.35800000      0.00839209
      0.36000000      0.00492985
      0.36200000      0.00063795
      0.36400000      0.00190504
      0.36600000      0.00247231
      0.36800000      0.00184959
      0.37000000      0.00059975
      0.37200000      0.00470019
      0.37400000      0.01541032
      0.37600000      0.02300440
      0.37800000      0.02717020
      0.38000000      0.03141066
      0.38200000      0.03759570
      0.38400000      0.04147626
      0.38600000      0.03796563
      0.38800000      0.03510411
      0.39000000      0.05565011
      0.39200000      0.07990269
      0.39400000      0.08029456
      0.39600000      0.05240654
      0.39800000      0.02966553
      0.40000000      0.01924161
      0.40200000      0.01272310
      0.40400000      0.00779058
      0.40600000      0.00329180
      0.40800000      0.99995947
      0.41000000      0.99693379
      0.41200000      0.99333101
      0.41400000      0.98706091
      0.41600000      0.98041618
      0.41800000      0.97020575
      0.42000000      0.95777060
      0.42200000      0.94040226
      0.42400000      0.92603958
      0.42600000      0.91997249
      0.42800000      0.91768650
      0.43000000      0.92688998
      0.43200000      0.95518165
      0.43400000      0.99138285
      0.43600000      0.00021501
      0.43800000      0.00529293
      0.44000000      0.02913334
      0.44200000      0.04150575
      0.44400000      0.02044534
      0.44600000      0.01624129
      0.44800000      0.99659285
      0.45000000      0.98753253
      0.45200000      0.97987843
      0.45400000      0.97400148
      0.45600000      0.97060055
      0.45800000      0.96904420
      0.46000000      0.96605961
      0.46200000      0.95481314
      0.46400000      0.94556022
      0.46600000      0.94164896
      0.46800000      0.94073842
      0.47000000      0.93918058
      0.47200000      0.93749625
      0.47400000      0.93862230
      0.47600000      0.94254178
      0.47800000      0.94768632
      0.48000000      0.95221092
      0.48200000      0.95664622
      0.48400000      0.96229936
      0.48600000      0.96695277
      0.48800000      0.97082815
      0.49000000      0.97521320
      0.49200000      0.97952623
      0.49400000      0.98416743
      0.49600000      0.98995627
      0.49800000      0.99532599
      0.50000000      0.00000096
      0.50200000      0.00467593
      0.50400000      0.01004565
      0.50600000      0.01583449
      0.50800000      0.02047569
      0.51000000      0.02478872
      0.51200000      0.02917377
      0.51400000      0.03304915
      0.51600000      0.03770256
      0.51800000      0.04335570
      0.52000000      0.04779100
      0.52200000      0.05231560
      0.52400000      0.05746014
      0.52600000      0.06137962
      0.52800000      0.06250567
      0.53000000      0.06082134
      0.53200000      0.05926350
      0.53400000      0.05835296
      0.53600000      0.05444170
      0.53800000      0.04518878
      0.54000000      0.03394231
      0.54200000      0.03095772
      0.54400000      0.02940137
      0.54600000      0.02600044
      0.54800000      0.02012349
      0.55000000      0.01246939
      0.55200000      0.00340907
      0.55400000      0.98376063
      0.55600000      0.97955658
      0.55800000      0.95849617
      0.56000000      0.97086858
      0.56200000      0.99470899
      0.56400000      0.99978691
      0.56600000      0.00861907
      0.56800000      0.04482027
      0.57000000      0.07311194
      0.57200000      0.08231542
      0.57400000      0.08002943
      0.57600000      0.07396234
      0.57800000      0.05959966
      0.58000000      0.04223132
      0.58200000      0.02979617
      0.58400000      0.01958574
      0.58600000      0.01294101
      0.58800000      0.00667091
      0.59000000      0.00306813
      0.59200000      0.00004245
      0.59400000      0.99671012
      0.59600000      0.99221134
      0.59800000      0.98727882
      0.60000000      0.98076031
      0.60200000      0.97033639
      0.60400000      0.94759538
      0.60600000      0.91970736
      0.60800000      0.92009923
      0.61000000      0.94435181
      0.61200000      0.96489781
      0.61400000      0.96203629
      0.61600000      0.95852566
      0.61800000      0.96240622
      0.62000000      0.96859126
      0.62200000      0.97283172
      0.62400000      0.97699752
      0.62600000      0.98459160
      0.62800000      0.99530173
      0.63000000      0.99940217
      0.63200000      0.99815233
      0.63400000      0.99752961
      0.63600000      0.99809688
      0.63800000      0.99936397
      0.64000000      0.99507207
      0.64200000      0.99160983
      0.64400000      0.98992446
      0.64600000      0.98864057
      0.64800000      0.98746129
      0.65000000      0.98593186
      0.65200000      0.98338268
      0.65400000      0.97794951
      0.65600000      0.95179391
      0.65800000      0.86629280
      0.66000000      0.77044946
      0.66200000      0.67051109
      0.66400000      0.55055252
      0.66600000      0.44675895
      0.66800000      0.35691376
      0.67000000      0.28075686
      0.67200000      0.18926799
      0.67400000      0.10066387
      0.67600000      0.04530859
      0.67800000      0.00750182
      0.68000000      0.99507511
      0.68200000      0.99413774
      0.68400000      0.99512660
      0.68600000      0.99374974
      0.68800000      0.99044787
      0.69000000      0.99003720
      0.69200000      0.99160117
      0.69400000      0.99379126
      0.69600000      0.99221269
      0.69800000      0.98910025
      0.70000000      0.98718329
      0.70200000      0.98649694
      0.70400000      0.98835272
      0.70600000      0.99363026
      0.70800000      0.99660294
      0.71000000      0.99313187
      0.71200000      0.98972898
      0.71400000      0.98941946
      0.71600000      0.99009615
      0.71800000      0.99169642
      0.72000000      0.99402665
      0.72200000      0.99639485
      0.72400000      0.99844412
      0.72600000      0.00033974
      0.72800000      0.00227359
      0.73000000      0.00401208
      0.73200000      0.00538418
      0.73400000      0.00643873
      0.73600000      0.00754994
      0.73800000      0.00835755
      0.74000000      0.00782747
      0.74200000      0.00784902
      0.74400000      0.00806687
      0.74600000      0.00770139
      0.74800000      0.00692087
      0.75000000      0.00619532
      0.75200000      0.00525875
      0.75400000      0.00467046
      0.75600000      0.00446521
      0.75800000      0.00408106
      0.76000000      0.00353072
      0.76200000      0.00343451
      0.76400000      0.00339114
      0.76600000      0.00268987
      0.76800000      0.00224427
      0.77000000      0.00206591
      0.77200000      0.00168908
      0.77400000      0.00080195
      0.77600000      0.00001712
      0.77800000      0.99980635
      0.78000000      0.99990852
      0.78200000      0.99984518
      0.78400000      0.99966776
      0.78600000      0.00179384
      0.78800000      0.00828212
      0.79000000      0.01426729
      0.79200000      0.01771266
      0.79400000      0.02045700
      0.79600000      0.02342596
      0.79800000      0.02586188
      0.80000000      0.02769330
      0.80200000      0.02937328
      0.80400000      0.03020654
      0.80600000      0.03308953
      0.80800000      0.03280207
      0.81000000      0.02999879
      0.81200000      0.02931317
      0.81400000      0.01935971
      0.81600000      0.00414511
      0.81800000      0.97194692
      0.82000000      0.96111032
      0.82200000      0.97551053
      0.82400000      0.99220362
      0.82600000      0.02219114
      0.82800000      0.98880460
      0.83000000      0.96472546
      0.83200000      0.95726141
      0.83400000      0.95427865
      0.83600000      0.95247033
      0.83800000      0.95033825
      0.84000000      0.94813270
      0.84200000      0.94664160
      0.84400000      0.94682961
      0.84600000      0.94688832
      0.84800000      0.94609014
      0.85000000      0.94484809
      0.85200000      0.94419955
      0.85400000      0.94522367
      0.85600000      0.94603495
      0.85800000      0.94584722
      0.86000000      0.94472369
      0.86200000      0.94369338
      0.86400000      0.94420157
      0.86600000      0.94499077
      0.86800000      0.94491943
      0.87000000      0.94382505
      0.87200000      0.94253359
      0.87400000      0.94232436
      0.87600000      0.94242917
      0.87800000      0.94270804
      0.88000000      0.94344681
      0.88200000      0.94122123
      0.88400000      0.93993184
      0.88600000      0.94062407
      0.88800000      0.94181943
      0.89000000      0.94376170
      0.89200000      0.94773369
      0.89400000      0.95243568
      0.89600000      0.95734994
      0.89800000      0.96342990
      0.90000000      0.97084930
      0.90200000      0.97843218
      0.90400000      0.98480398
      0.90600000      0.98896107
      0.90800000      0.99153778
      0.91000000      0.99343670
      0.91200000      0.99551284
      0.91400000      0.99897388
      0.91600000      0.00397161
      0.91800000      0.00927748
      0.92000000      0.01357123
      0.92200000      0.01674417
      0.92400000      0.01926293
      0.92600000      0.02136319
      0.92800000      0.02318220
      0.93000000      0.02514079
      0.93200000      0.02721334
      0.93400000      0.02874247
      0.93600000      0.02981047
      0.93800000      0.03095894
      0.94000000      0.03236572
      0.94200000      0.03390513
      0.94400000      0.03561208
      0.94600000      0.03695329
      0.94800000      0.03798862
      0.95000000      0.03917558
      0.95200000      0.04064385
      0.95400000      0.04226419
      0.95600000      0.04382046
      0.95800000      0.04459070
      0.96000000      0.04461556
      0.96200000      0.04429669
      0.96400000      0.04376423
      0.96600000      0.04280538
      0.96800000      0.04116563
      0.97000000      0.03858084
      0.97200000      0.03531473
      0.97400000      0.03184771
      0.97600000      0.02849929
      0.97800000      0.02534247
      0.98000000      0.02211805
      0.98200000      0.01865075
      0.98400000      0.01516696
      0.98600000      0.01200567
      0.98800000      0.00936362
      0.99000000      0.00718735
      0.99200000      0.00537530
      0.99400000      0.00383807
      0.99600000      0.00248865
      0.99800000      0.00121884
      1.00000000      0.00000096
